version https://git-lfs.github.com/spec/v1
oid sha256:78d6e24b71e9a7e58e4cd056e10695180e4e3f1b1a731c6cc07961daa4b752ba
size 48552
