version https://git-lfs.github.com/spec/v1
oid sha256:de70b1eacfa07af86523903ebb6dcb6ed9fa8119ac6b139eb5d4bd54a212d76a
size 46478
