version https://git-lfs.github.com/spec/v1
oid sha256:f5cf67a89d2532f3fc92c807eb9596326f5e6dcf591d86bf7a4c09357ba08067
size 43823
