version https://git-lfs.github.com/spec/v1
oid sha256:694f820d01e90706d77ace05b3aa35b46db42ecc3f3404715da4a7547b4e5b74
size 47974
